0000000000000000000000000000000000000000000000000000000000000000000000000000000000000000000000000000000000000000000000000000000000000000000000000000
0000000000000000000000000000000000000000000000000000000000000000000000000000000000000000000000000000000000000000000000000000000000000000000000000000
0000000000000000000000000000000000000000000000000000000000000000000000000000000000000000000000000000000000000000000000000000000000000000000000000000
0000000000000000000000000000000000000000000000000000000000000000000000000000000000000000000000000000000000000000000000000000000000000000000000000000
0000000000000000000000000000000000000000000000000000000000000000000000000000000000000000000000000000000000000000000000000000000000000000000000000000
0000000000000000000000000000000000000000000000000000000000000000000000000000000000000000000000000000000000000000000000000000000000000000000000000000
0000000000000000000000000000000000000000000000000000000000000000000000000000000000000000000000000000000000000000000000000000000000000000000000000000
0000000000000000000000000000000000000000000000000000000000000000000000000000000000000000000000000000000000000000000000000000000000000000000000000000
0000000000000000000000000000000000000000000000000000000000000000000000000000000000000000000000000000000000000000000000000000000000000000000000000000
0000000000000000000000000000000000000000000000000000000000000000000000000000000000000000000000000000000000000000000000000000000000000000000000000000
0000000000000000000000000000000000000000000000000000000000000000000000000000000000000000000000000000000000000000000000000000000000000000000000000000
0000000000000000000000001111100000000000000000000000000000000000000000000000000000000000000000000000000000000000000000000000000000000000000000000000
0000000000000000000000011101100000000000000000000000000000000000000000000000000000000000000000000000000000000000000000000000000000000000000000000000
0000000000000000000000100101000000000000000000000000000000000000000000000000000000000000000000000000000000000000000000000000000000000000011100000000
0000000000000000000000000011000000000000000000000000000000000000000000000000000000000000000000000000000000000000000000000000000000000001111110000000
0000000000000000000000000010000000000000000000000000000000000000000000000000000000000000000000000000000000000000000000000000000000000011111111000000
0000000000000000000000000100000000000000000000000000000000000000000000000000000000000000000000000000000000000000000000000000000000000111000001000000
0000000000000000000000001000000000000000000000000000000000000000000000000000000000000000000000000000000000000000000000000000000000001110000001100000
0000000000000000000000111111110000000000000000000000000000000000000000000000000000000000000000000000011110000000000000000000000000011100000000100000
0000000000000000000000000000001100000000000000000000000000000000000000000000000000000000000000000000011111111111000000000000000000011000000000100000
0000000000000000000000000000000000000000000000000000000000000000000000100000000000000000000000000000011111001011000000000000000000011000000000100000
0000000000000000000000000000000000000000000010100000000000000000000011110000001100000000000000000000000000000000000000000000000000011100000000100000
0000011111000011000000000000000000000000000011100000000000000000000010001000111100000000000000000000000000000000000000000000000000010000000000100000
0000100101011110100000000000000000000000000011100000000000000000000100001101100100000000000000000000001000000000000000000000000000010000000000100000
0101100011111000000000000000000000000000000011101110000000000000000100000101001000000000000000000000111111111111001000000000000000110000000001000000
0001000011110000000000000000000000000000001111110000000000000000000100000111100000000000000000000000111000000000000000000000000000010000000001000000
0000100001100000000000000000000000000000000011000000000000000000000000001111000000000000000000000000000000000000000000000000000000010000000010000000
0000000011100000000000000000000000000000000011000000000000000000000000001110000000000000000000000000000000000000000000000000000000010000000100000000
0000000011000000000000000000000000000000000011000000000000000000000000011010000000100000000000000000000000000000000000000000000000001000001000000000
0000000011000000000000000000000000000000000011000000000000000000000001100011000011000000000000000000000000000000000000000000000000000111100000000000
0000111111000000000000000000000000000000000011000000000000000000000011000001000100000000000000000000000000000000000000000000000000000000000000000000
0000011101111100000000000000000000000000000000000000000000000000000000000000111000000000000000000000000000000000000000000000000000000000000000000000
0001100000111110000000000000000000000000000000000000000000000000000000000000000000000000000000000000000000000000000000000000000000000000000000000000
0000000000000000000000000000000000000000000000000000000000000000000000000000000000000000000000000000000000000000000000000000000000000000000000000000
0000000000000000000000000000000000000000000000000000000000000000000000000000000000000000000000000000000000000000000000000000000000000000000000000000
0000000000000000000000000000000000000000000000000000000000000000000000000000000000000000000000000000000000000000000000000000000000000000000000000000
0000000000000000000000000000000000000000000000000000000000000000000000000000000000000000000000000000000000000000000000000000000000000000000000000000
